[80, 160, 400, 800, 1600, 2400, 3200, 4000, 4800, 5600, 6400, 7200, 8000]

Att_BLSTM_Accuracy = [0.3467, 0.4453, 0.5996, 0.6540, 0.7100, 0.7280, 0.7391, 0.7534, 0.7663, 0.7770, 0.7751, 0.7865, 0.7887]
Att_BLSTM_Precision = [0.3313, 0.3920, 0.6037, 0.6706, 0.7213, 0.7547, 0.7371, 0.7620, 0.7883, 0.7955, 0.7782, 0.7923, 0.8115]
Att_BLSTM_Recall = [0.4056, 0.4444, 0.6034, 0.6883, 0.7188, 0.7460, 0.7703, 0.7835, 0.8012, 0.8071, 0.8022, 0.7996, 0.8050]
Att_BLSTM_F1 = [0.3218, 0.3887, 0.5858, 0.6664, 0.7040, 0.7427, 0.7433, 0.7682, 0.7866, 0.7986, 0.7872, 0.7918, 0.8063]




